16889.0
16871.0
16852.0
16832.0
16812.0
16793.0
16777.0
16763.0
16746.0
16728.0
16710.0
16691.0
16673.0
16654.0
16632.0
16610.0
16589.0
16570.0
16550.0
16529.0
16508.0
16488.0
16470.0
16451.0
16431.0
16409.0
16389.0
16371.0
16351.0
16330.0
16307.0
16287.0
16269.0
16250.0
16231.0
16212.0
16195.0
16180.0
16166.0
16150.0
16132.0
16114.0
16095.0
16078.0
16062.0
16043.0
16024.0
16006.0
15988.0
15973.0
15958.0
15940.0
15922.0
15902.0
15884.0
15866.0
15847.0
15827.0
15807.0
15788.0
15773.0
15757.0
15741.0
15726.0
15711.0
15696.0
15683.0
15670.0
15656.0
15641.0
15625.0
15608.0
15592.0
15577.0
15563.0
15546.0
15529.0
15512.0
15496.0
15481.0
15466.0
15449.0
15431.0
15412.0
15392.0
15374.0
15355.0
15333.0
15311.0
15288.0
15269.0
15249.0
15228.0
15208.0
15188.0
15171.0
15153.0
15132.0
15109.0
15087.0
15066.0
15044.0
15020.0
14997.0
14977.0
14957.0
14935.0
14912.0
14889.0
14869.0
14848.0
14825.0
14802.0
14781.0
14761.0
14739.0
14717.0
14695.0
14677.0
14660.0
14644.0
14627.0
14611.0
14596.0
14582.0
14569.0
14554.0
14537.0
14520.0
14501.0
14484.0
14469.0
14453.0
14437.0
14421.0
14405.0
14390.0
14377.0
14364.0
14348.0
14331.0
14314.0
14295.0
14279.0
14263.0
14246.0
14228.0
14211.0
14195.0
14182.0
14170.0
14158.0
14144.0
14130.0
14116.0
14100.0
14086.0
14071.0
14056.0
14040.0
14024.0
14008.0
13992.0
13979.0
13966.0
13951.0
13935.0
13918.0
13900.0
13884.0
13868.0
13850.0
13831.0
13813.0
13795.0
13781.0
13768.0
13753.0
13738.0
13723.0
13707.0
13692.0
13677.0
13661.0
13644.0
13625.0
13605.0
13587.0
13570.0
13552.0
13533.0
13514.0
13495.0
13478.0
13462.0
13445.0
13426.0
13406.0
13387.0
13370.0
13350.0
13329.0
13307.0
13287.0
13270.0
13251.0
13233.0
13215.0
13197.0
13182.0
13167.0
13150.0
13131.0
13112.0
13092.0
13075.0
13057.0
13037.0
13018.0
12998.0
12981.0
12965.0
12947.0
12927.0
12908.0
12888.0
12871.0
12852.0
12832.0
12812.0
12793.0
12777.0
12762.0
12747.0
12732.0
12718.0
12704.0
12691.0
12679.0
12667.0
12654.0
12640.0
12625.0
12611.0
12596.0
12583.0
12572.0
12560.0
12548.0
12535.0
12523.0
12511.0
12498.0
12487.0
12475.0
12463.0
12450.0
12437.0
12423.0
12409.0
12396.0
12385.0
12376.0
12367.0
12357.0
12348.0
12337.0
12327.0
12316.0
12303.0
12291.0
12280.0
12268.0
12256.0
12243.0
12229.0
12216.0
12202.0
12190.0
12178.0
12167.0
12154.0
12141.0
12126.0
12110.0
12094.0
12080.0
12067.0
12053.0
12038.0
12024.0
12011.0
11998.0
11987.0
11976.0
11965.0
11953.0
11938.0
11923.0
11906.0
11890.0
11875.0
11861.0
11845.0
11829.0
11813.0
11797.0
11784.0
11771.0
11757.0
11741.0
11724.0
11706.0
11688.0
11672.0
11656.0
11639.0
11621.0
11605.0
11590.0
11578.0
11567.0
11554.0
11541.0
11528.0
11514.0
11499.0
11485.0
11472.0
11459.0
11445.0
11430.0
11416.0
11402.0
11390.0
11379.0
11369.0
11358.0
11345.0
11331.0
11318.0
11303.0
11290.0
11278.0
11266.0
11255.0
11243.0
11232.0
11221.0
11212.0
11202.0
11193.0
11185.0
11176.0
11168.0
11158.0
11147.0
11135.0
11122.0
11110.0
11097.0
11086.0
11076.0
11066.0
11055.0
11044.0
11032.0
11019.0
11005.0
10992.0
10979.0
10967.0
10953.0
10939.0
10924.0
10910.0
10896.0
10885.0
10874.0
10864.0
10853.0
10841.0
10829.0
10816.0
10802.0
10790.0
10778.0
10768.0
10755.0
10742.0
10729.0
10717.0
10703.0
10691.0
10679.0
10668.0
10654.0
10639.0
10623.0
10607.0
10592.0
10578.0
10566.0
10552.0
10539.0
10525.0
10512.0
10499.0
10487.0
10475.0
10463.0
10450.0
10435.0
10420.0
10404.0
10389.0
10376.0
10364.0
10350.0
10336.0
10323.0
10309.0
10296.0
10284.0
10272.0
10260.0
10247.0
10233.0
10219.0
10205.0
10192.0
10182.0
10172.0
10163.0
10153.0
10143.0
10133.0
10124.0
10114.0
10103.0
10092.0
10082.0
10072.0
10061.0
10049.0
10037.0
10026.0
10015.0
10003.0
9993.0
9984.0
9975.0
9965.0
9954.0
9942.0
9928.0
9915.0
9901.0
9888.0
9877.0
9867.0
9856.0
9845.0
9835.0
9825.0
9815.0
9805.0
9794.0
9784.0
9774.0
9764.0
9752.0
9739.0
9727.0
9714.0
9702.0
9691.0
9681.0
9671.0
9659.0
9651.0
9639.0
9627.0
9611.0
9601.0
9589.0
9578.0
9566.0
9557.0
9546.0
9535.0
9525.0
9516.0
9506.0
9496.0
9484.0
9477.0
9467.0
9455.0
9440.0
9430.0
9418.0
9406.0
9391.0
9384.0
9372.0
9365.0
9352.0
9340.0
9328.0
9316.0
9302.0
9289.0
9277.0
9265.0
9253.0
9240.0
9228.0
9217.0
9206.0
9196.0
9188.0
9180.0
9172.0
9164.0
9154.0
9143.0
9131.0
9119.0
9106.0
9094.0
9083.0
9073.0
9062.0
9051.0
9040.0
9028.0
9016.0
9004.0
8992.0
8981.0
8971.0
8960.0
8948.0
8936.0
8925.0
8914.0
8903.0
8894.0
8886.0
8878.0
8870.0
8862.0
8853.0
8843.0
8832.0
8821.0
8810.0
8799.0
8789.0
8780.0
8772.0
8764.0
8754.0
8745.0
8734.0
8723.0
8712.0
8700.0
8688.0
8677.0
8667.0
8655.0
8644.0
8633.0
8623.0
8614.0
8605.0
8597.0
8590.0
8583.0
8575.0
8567.0
8558.0
8547.0
8536.0
8525.0
8514.0
8502.0
8491.0
8482.0
8473.0
8464.0
8454.0
8444.0
8433.0
8422.0
8411.0
8399.0
8388.0
8378.0
8369.0
8360.0
8350.0
8341.0
8332.0
8323.0
8315.0
8306.0
8297.0
8288.0
8279.0
8269.0
8259.0
8248.0
8236.0
8225.0
8214.0
8203.0
8193.0
8183.0
8174.0
8165.0
8155.0
8143.0
8130.0
8117.0
8103.0
8090.0
8079.0
8068.0
8058.0
8047.0
8037.0
8028.0
8019.0
8010.0
8000.0
7992.0
7983.0
7975.0
7966.0
7956.0
7945.0
7935.0
7924.0
7914.0
7903.0
7894.0
7885.0
7876.0
7868.0
7859.0
7849.0
7839.0
7829.0
7818.0
7808.0
7799.0
7790.0
7783.0
7777.0
7771.0
7766.0
7759.0
7753.0
7745.0
7738.0
7729.0
7721.0
7712.0
7703.0
7695.0
7688.0
7681.0
7674.0
7667.0
7661.0
7653.0
7646.0
7638.0
7629.0
7620.0
7610.0
7600.0
7592.0
7584.0
7577.0
7571.0
7565.0
7558.0
7552.0
7546.0
7539.0
7532.0
7525.0
7517.0
7509.0
7500.0
7491.0
7483.0
7475.0
7468.0
7460.0
7452.0
7445.0
7437.0
7429.0
7421.0
7412.0
7402.0
7393.0
7384.0
7376.0
7368.0
7359.0
7351.0
7342.0
7334.0
7327.0
7320.0
7312.0
7305.0
7297.0
7289.0
7281.0
7273.0
7265.0
7256.0
7247.0
7238.0
7229.0
7221.0
7212.0
7204.0
7195.0
7188.0
7180.0
7173.0
7165.0
7156.0
7147.0
7137.0
7128.0
7119.0
7111.0
7104.0
7098.0
7093.0
7087.0
7082.0
7077.0
7071.0
7064.0
7056.0
7048.0
7039.0
7030.0
7021.0
7013.0
7004.0
6995.0
6988.0
6981.0
6974.0
6970.0
6970.0
6975.0
6984.0
6998.0
7018.0
7044.0
7075.0
7112.0
7155.0
7204.0
7259.0
7318.0
7381.0
7448.0
7519.0
7594.0
7674.0
7759.0
7845.0
7933.0
8024.0
8120.0
8218.0
8315.0
8418.0
8520.0
8620.0
8722.0
8823.0
8918.0
9013.0
9108.0
9197.0
9282.0
9362.0
9438.0
9513.0
9579.0
9643.0
9699.0
9752.0
9796.0
9834.0
9864.0
9884.0
9902.0
9910.0
9916.0
9912.0
9903.0
9892.0
9872.0
9853.0
9829.0
9800.0
9767.0
9734.0
9694.0
9656.0
9617.0
9575.0
9534.0
9495.0
9458.0
9423.0
9391.0
9363.0
9340.0
9321.0
9308.0
9301.0
9300.0
9303.0
9314.0
9331.0
9355.0
9385.0
9422.0
9468.0
9524.0
9590.0
9664.0
9744.0
9831.0
9930.0
10034.0
10141.0
10261.0
10386.0
10515.0
10654.0
10796.0
10945.0
11102.0
11262.0
11432.0
11601.0
11775.0
11956.0
12135.0
12316.0
12500.0
12682.0
12863.0
13042.0
13218.0
13393.0
13560.0
13724.0
13884.0
14034.0
14177.0
14311.0
14436.0
14549.0
14654.0
14746.0
14827.0
14894.0
14952.0
15000.0
15037.0
15066.0
15088.0
15106.0
15115.0
15117.0
15117.0
15113.0
15104.0
15092.0
15082.0
15071.0
15058.0
15050.0
15040.0
15036.0
15035.0
15037.0
15045.0
15052.0
15068.0
15088.0
15108.0
15136.0
15166.0
15197.0
15235.0
15280.0
15327.0
15375.0
15429.0
15488.0
15548.0
15612.0
15674.0
15737.0
15800.0
15863.0
15924.0
15982.0
16040.0
16100.0
16154.0
16213.0
16266.0
16320.0
16371.0
16419.0
16467.0
16513.0
16554.0
16594.0
16631.0
16668.0
16706.0
16737.0
16770.0
16801.0
16828.0
16851.0
16874.0
16895.0
16910.0
16919.0
16921.0
16914.0
16906.0
16884.0
16859.0
16827.0
16787.0
16742.0
16691.0
16633.0
16568.0
16503.0
16431.0
16360.0
16286.0
16207.0
16131.0
16056.0
15981.0
15909.0
15838.0
15772.0
15710.0
15655.0
15605.0
15561.0
15524.0
15492.0
15464.0
15441.0
15422.0
15407.0
15399.0
15393.0
15394.0
15397.0
15403.0
15414.0
15429.0
15449.0
15473.0
15499.0
15527.0
15556.0
15592.0
15630.0
15668.0
15708.0
15758.0
15808.0
15865.0
15931.0
15999.0
16075.0
16162.0
16251.0
16343.0
16445.0
16549.0
16656.0
16771.0
16888.0
17005.0
17131.0
17257.0
17386.0
17517.0
17649.0
17783.0
17919.0
18052.0
18188.0
18324.0
18457.0
18590.0
18723.0
18856.0
18988.0
19120.0
19248.0
19377.0
19505.0
19633.0
19756.0
19877.0
19994.0
20100.0
20201.0
20295.0
20382.0
20456.0
20520.0
20577.0
20627.0
20668.0
20705.0
20732.0
20756.0
20774.0
20788.0
20797.0
20803.0
20810.0
20814.0
20816.0
20818.0
20823.0
20830.0
20837.0
20846.0
20855.0
20866.0
20875.0
20880.0
20882.0
20882.0
20878.0
20870.0
20859.0
20844.0
20824.0
20800.0
20772.0
20741.0
20704.0
20666.0
20619.0
20570.0
20514.0
20450.0
20380.0
20306.0
20227.0
20143.0
20057.0
19972.0
19887.0
19809.0
19728.0
19658.0
19591.0
19537.0
19485.0
19446.0
19415.0
19393.0
19384.0
19388.0
19405.0
19435.0
19482.0
19542.0
19619.0
19715.0
19824.0
19952.0
20091.0
20246.0
20417.0
20603.0
20803.0
21019.0
21245.0
21484.0
21732.0
21990.0
22250.0
22518.0
22785.0
23051.0
23311.0
23562.0
23804.0
24030.0
24240.0
24431.0
24602.0
24754.0
24877.0
24980.0
25062.0
25118.0
25151.0
25160.0
25144.0
25106.0
25042.0
24950.0
24839.0
24701.0
24541.0
24359.0
24163.0
23951.0
23733.0
23507.0
23280.0
23049.0
22821.0
22589.0
22352.0
22117.0
21880.0
21646.0
21419.0
21194.0
20984.0
20781.0
20593.0
20414.0
20258.0
20120.0
20001.0
19904.0
19836.0
19790.0
19773.0
19785.0
19830.0
19901.0
20009.0
20148.0
20324.0
20529.0
20769.0
21043.0
21345.0
21677.0
22037.0
22420.0
22823.0
23248.0
23682.0
24126.0
24572.0
25018.0
25452.0
25871.0
26268.0
26637.0
26976.0
27283.0
27551.0
27785.0
27985.0
28151.0
28283.0
28384.0
28448.0
28474.0
28462.0
28413.0
28320.0
28189.0
28026.0
27835.0
27624.0
27394.0
27153.0
26905.0
26648.0
26385.0
26114.0
25841.0
25567.0
25287.0
25016.0
24748.0
24488.0
24238.0
24000.0
23776.0
23566.0
23369.0
23185.0
23018.0
22868.0
22741.0
22632.0
22553.0
22495.0
22464.0
22463.0
22494.0
22558.0
22655.0
22785.0
22941.0
23126.0
23335.0
23566.0
23814.0
24085.0
24368.0
24667.0
24978.0
25298.0
25618.0
25933.0
26247.0
26551.0
26846.0
27128.0
27397.0
27649.0
27879.0
28088.0
28271.0
28429.0
28554.0
28653.0
28723.0
28771.0
28794.0
28787.0
28756.0
28697.0
28615.0
28509.0
28378.0
28225.0
28057.0
27869.0
27677.0
27481.0
27286.0
27095.0
26909.0
26729.0
26557.0
26396.0
26245.0
26108.0
25989.0
25894.0
25824.0
25776.0
25754.0
25759.0
25790.0
25849.0
25931.0
26035.0
26162.0
26308.0
26466.0
26636.0
26817.0
26997.0
27184.0
27367.0
27544.0
27706.0
27854.0
27987.0
28094.0
28175.0
28234.0
28263.0
28274.0
28263.0
28233.0
28190.0
28125.0
28048.0
27954.0
27845.0
27726.0
27596.0
27462.0
27332.0
27202.0
27080.0
26973.0
26878.0
26800.0
26734.0
26692.0
26673.0
26679.0
26713.0
26774.0
26865.0
26981.0
27123.0
27291.0
27479.0
27683.0
27907.0
28140.0
28376.0
28619.0
28857.0
29094.0
29328.0
29547.0
29760.0
29955.0
30126.0
30270.0
30378.0
30454.0
30496.0
30512.0
30504.0
30477.0
30435.0
30383.0
30314.0
30235.0
30134.0
30021.0
29897.0
29762.0
29621.0
29480.0
29341.0
29205.0
29075.0
28956.0
28839.0
28729.0
28633.0
28553.0
28489.0
28446.0
28426.0
28425.0
28443.0
28479.0
28527.0
28589.0
28662.0
28746.0
28842.0
28949.0
29069.0
29202.0
29339.0
29481.0
29626.0
29766.0
29901.0
30026.0
30145.0
30259.0
30360.0
30456.0
30539.0
30609.0
30660.0
30692.0
30709.0
30707.0
30691.0
30666.0
30632.0
30597.0
30565.0
30529.0
30491.0
30448.0
30406.0
30368.0
30338.0
30327.0
30338.0
30364.0
30410.0
30475.0
30548.0
30632.0
30720.0
30811.0
30903.0
30995.0
31088.0
31175.0
31253.0
31319.0
31368.0
31394.0
31401.0
31384.0
31353.0
31306.0
31247.0
31172.0
31087.0
30984.0
30864.0
30732.0
30597.0
30460.0
30339.0
30225.0
30129.0
30054.0
30000.0
29971.0
29965.0
29986.0
30034.0
30108.0
30212.0
30336.0
30482.0
30649.0
30832.0
31028.0
31233.0
31445.0
31657.0
31866.0
32067.0
32259.0
32426.0
32564.0
32675.0
32751.0
32805.0
32843.0
32862.0
32874.0
32870.0
32851.0
32810.0
32755.0
32684.0
32605.0
32517.0
32425.0
32333.0
32245.0
32156.0
32069.0
31989.0
31922.0
31866.0
31825.0
31800.0
31789.0
31792.0
31808.0
31830.0
31856.0
31892.0
31937.0
31992.0
32063.0
32142.0
32222.0
32305.0
32385.0
32456.0
32524.0
32583.0
32633.0
32673.0
32705.0
32720.0
32723.0
32713.0
32693.0
32672.0
32650.0
32633.0
32618.0
32608.0
32595.0
32585.0
32581.0
32589.0
32615.0
32662.0
32728.0
32810.0
32903.0
33007.0
33114.0
33227.0
33346.0
33460.0
33566.0
33654.0
33725.0
33772.0
33791.0
33788.0
33767.0
33735.0
33685.0
33623.0
33541.0
33445.0
33332.0
33212.0
33094.0
32983.0
32887.0
32811.0
32756.0
32719.0
32706.0
32717.0
32754.0
32817.0
32900.0
33010.0
33131.0
33264.0
33405.0
33551.0
33702.0
33851.0
33994.0
34127.0
34239.0
34328.0
34396.0
34443.0
34479.0
34504.0
34516.0
34515.0
34502.0
34470.0
34426.0
34372.0
34314.0
34258.0
34198.0
34139.0
34082.0
34033.0
33990.0
33958.0
33943.0
33945.0
33959.0
33982.0
34010.0
34041.0
34080.0
34127.0
34185.0
34248.0
34313.0
34376.0
34436.0
34492.0
34544.0
34587.0
34626.0
34651.0
34663.0
34661.0
34646.0
34627.0
34604.0
34585.0
34570.0
34552.0
34539.0
34530.0
34532.0
34547.0
34585.0
34641.0
34713.0
34798.0
34890.0
34988.0
35091.0
35198.0
35300.0
35392.0
35467.0
35520.0
35548.0
35555.0
35542.0
35519.0
35483.0
35428.0
35350.0
35260.0
35156.0
35047.0
34947.0
34860.0
34790.0
34735.0
34702.0
34692.0
34706.0
34745.0
34810.0
34896.0
34997.0
35109.0
35229.0
35357.0
35489.0
35618.0
35745.0
35850.0
35938.0
36005.0
36055.0
36094.0
36119.0
36131.0
36129.0
36115.0
36079.0
36044.0
36003.0
35957.0
35910.0
35862.0
35817.0
35777.0
35748.0
35735.0
35740.0
35756.0
35776.0
35804.0
35839.0
35877.0
35927.0
35985.0
36044.0
36109.0
36168.0
36221.0
36271.0
36312.0
36343.0
36359.0
36363.0
36350.0
36329.0
36304.0
36282.0
36260.0
36243.0
36225.0
36216.0
36221.0
36241.0
36277.0
36332.0
36400.0
36474.0
36559.0
36648.0
36738.0
36825.0
36896.0
36950.0
36984.0
36997.0
36994.0
36979.0
36947.0
36897.0
36828.0
36747.0
36657.0
36575.0
36503.0
36442.0
36397.0
36370.0
36368.0
36386.0
36431.0
36494.0
36571.0
36662.0
36761.0
36867.0
36980.0
37096.0
37205.0
37298.0
37373.0
37429.0
37470.0
37501.0
37524.0
37531.0
37529.0
37512.0
37486.0
37457.0
37429.0
37396.0
37360.0
37323.0
37294.0
37277.0
37274.0
37281.0
37296.0
37314.0
37336.0
37367.0
37408.0
37459.0
37509.0
37558.0
37599.0
37624.0
37632.0
37627.0
37594.0
37540.0
37468.0
37377.0
37279.0
37177.0
37066.0
36948.0
36821.0
36698.0
36582.0
36479.0
36381.0
36285.0
36200.0
36114.0
36030.0
35947.0
35853.0
35747.0
35625.0
35486.0
35330.0
35165.0
34984.0
34789.0
34576.0
34354.0
34126.0
33903.0
33690.0
33496.0
33314.0
33152.0
33017.0
32910.0
32824.0
32762.0
32712.0
32675.0
32660.0
32654.0
32658.0
32666.0
32669.0
32660.0
32636.0
32601.0
32557.0
32504.0
32443.0
32364.0
32275.0
32177.0
32070.0
31964.0
31853.0
31745.0
31634.0
31522.0
31418.0
31327.0
31246.0
31176.0
31104.0
31041.0
30978.0
30918.0
30868.0
30822.0
30777.0
30730.0
30677.0
30620.0
30560.0
30493.0
30418.0
30330.0
30229.0
30117.0
29994.0
29869.0
29742.0
29619.0
29492.0
29366.0
29243.0
29132.0
29033.0
28953.0
28887.0
28834.0
28790.0
28751.0
28721.0
28686.0
28654.0
28605.0
28544.0
28465.0
28367.0
28253.0
28128.0
27988.0
27833.0
27660.0
27477.0
27282.0
27092.0
26900.0
26716.0
26547.0
26396.0
26261.0
26149.0
26060.0
25990.0
25946.0
25919.0
25912.0
25919.0
25935.0
25964.0
25993.0
26022.0
26041.0
26040.0
26030.0
26000.0
25959.0
25909.0
25848.0
25773.0
25683.0
25579.0
25462.0
25335.0
25205.0
25073.0
24939.0
24800.0
24664.0
24535.0
24416.0
24312.0
24218.0
24138.0
24062.0
23988.0
23919.0
23852.0
23795.0
23750.0
23705.0
23662.0
23617.0
23565.0
23510.0
23448.0
23376.0
23302.0
23215.0
23120.0
23008.0
22892.0
22770.0
22654.0
22535.0
22422.0
22308.0
22195.0
22090.0
22000.0
21925.0
21866.0
21823.0
21796.0
21778.0
21770.0
21767.0
21761.0
21761.0
21747.0
21727.0
21691.0
21632.0
21554.0
21459.0
21351.0
21227.0
21089.0
20939.0
20763.0
20574.0
20375.0
20173.0
19973.0
19788.0
19609.0
19448.0
19305.0
19184.0
19082.0
19007.0
18957.0
18924.0
18916.0
18923.0
18944.0
18980.0
19023.0
19080.0
19135.0
19185.0
19225.0
19252.0
19256.0
19248.0
19219.0
19176.0
19122.0
19055.0
18974.0
18877.0
18763.0
18635.0
18500.0
18362.0
18224.0
18084.0
17947.0
17812.0
17678.0
17553.0
17434.0
17332.0
17240.0
17163.0
17092.0
17023.0
16957.0
16893.0
16841.0
16796.0
16758.0
16721.0
16691.0
16656.0
16617.0
16574.0
16526.0
16474.0
16414.0
16341.0
16260.0
16170.0
16065.0
15959.0
15849.0
15735.0
15629.0
15524.0
15422.0
15326.0
15229.0
15137.0
15053.0
14985.0
14928.0
14889.0
14868.0
14859.0
14864.0
14872.0
14890.0
14910.0
14929.0
14949.0
14960.0
14960.0
14938.0
14896.0
14829.0
14741.0
14637.0
14516.0
14381.0
14232.0
14068.0
13884.0
13689.0
13479.0
13270.0
13059.0
12859.0
12669.0
12490.0
12325.0
12181.0
12056.0
11955.0
11882.0
11828.0
11801.0
11798.0
11820.0
11859.0
11915.0
11984.0
12067.0
12156.0
12252.0
12351.0
12444.0
12532.0
12600.0
12648.0
12672.0
12674.0
12659.0
12629.0
12585.0
12523.0
12448.0
12351.0
12234.0
12103.0
11957.0
11800.0
11637.0
11471.0
11307.0
11144.0
10981.0
10818.0
10655.0
10502.0
10357.0
10227.0
10111.0
10008.0
9920.0
9838.0
9768.0
9704.0
9651.0
9609.0
9576.0
9548.0
9533.0
9520.0
9513.0
9509.0
9497.0
9483.0
9464.0
9442.0
9415.0
9384.0
9344.0
9291.0
9230.0
9159.0
9074.0
8978.0
8882.0
8772.0
8665.0
8557.0
8448.0
8343.0
8237.0
8131.0
8032.0
7939.0
7857.0
7798.0
7749.0
7719.0
7703.0
7699.0
7704.0
7721.0
7748.0
7778.0
7814.0
7850.0
7883.0
7913.0
7932.0
7939.0
7927.0
7896.0
7841.0
7766.0
7666.0
7549.0
7417.0
7269.0
7106.0
6926.0
6731.0
6521.0
6301.0
6070.0
5838.0
5603.0
5377.0
5153.0
4940.0
4742.0
4560.0
4393.0
4251.0
4132.0
4035.0
3969.0
3930.0
3918.0
3936.0
3975.0
4034.0
4123.0
4228.0
4354.0
4499.0
4656.0
4830.0
5012.0
5193.0
5373.0
5542.0
5698.0
5833.0
5934.0
6009.0
6053.0
6071.0
6060.0
6026.0
5972.0
5896.0
5800.0
5681.0
5544.0
5383.0
5204.0
5009.0
4802.0
4585.0
4360.0
4132.0
3900.0
3668.0
3437.0
3210.0
2986.0
2768.0
2567.0
2382.0
2210.0
2057.0
1931.0
1819.0
1727.0
1652.0
1591.0
1548.0
1523.0
1512.0
1521.0
1544.0
1583.0
1631.0
1686.0
1747.0
1812.0
1880.0
1942.0
2005.0
2062.0
2112.0
2159.0
2195.0
2226.0
2247.0
2252.0
2243.0
2219.0
2177.0
2121.0
2044.0
1947.0
1837.0
1712.0
1577.0
1432.0
1280.0
1119.0
959.0
800.0
636.0
480.0
324.0
183.0
47.0
-76.0
-187.0
-285.0
-363.0
-423.0
-469.0
-494.0
-496.0
-479.0
-443.0
-389.0
-314.0
-229.0
-137.0
-37.0
62.0
162.0
256.0
342.0
417.0
476.0
518.0
535.0
529.0
494.0
434.0
346.0
236.0
96.0
-61.0
-235.0
-432.0
-644.0
-873.0
-1113.0
-1369.0
-1638.0
-1913.0
-2196.0
-2476.0
-2761.0
-3039.0
-3309.0
-3575.0
-3830.0
-4070.0
-4291.0
-4493.0
-4670.0
-4825.0
-4949.0
-5047.0
-5111.0
-5145.0
-5144.0
-5112.0
-5046.0
-4945.0
-4817.0
-4658.0
-4471.0
-4265.0
-4033.0
-3780.0
-3511.0
-3224.0
-2929.0
-2621.0
-2307.0
-1994.0
-1690.0
-1399.0
-1124.0
-869.0
-646.0
-448.0
-284.0
-162.0
-78.0
-42.0
-54.0
-110.0
-213.0
-354.0
-531.0
-742.0
-978.0
-1241.0
-1524.0
-1823.0
-2143.0
-2477.0
-2826.0
-3184.0
-3545.0
-3913.0
-4283.0
-4657.0
-5027.0
-5394.0
-5756.0
-6112.0
-6460.0
-6794.0
-7116.0
-7416.0
-7693.0
-7951.0
-8181.0
-8388.0
-8560.0
-8704.0
-8813.0
-8890.0
-8928.0
-8932.0
-8900.0
-8831.0
-8731.0
-8597.0
-8430.0
-8237.0
-8015.0
-7773.0
-7504.0
-7220.0
-6920.0
-6611.0
-6288.0
-5963.0
-5632.0
-5310.0
-4999.0
-4700.0
-4422.0
-4166.0
-3933.0
-3723.0
-3536.0
-3382.0
-3251.0
-3149.0
-3079.0
-3039.0
-3036.0
-3067.0
-3137.0
-3235.0
-3365.0
-3524.0
-3705.0
-3911.0
-4137.0
-4384.0
-4655.0
-4944.0
-5254.0
-5578.0
-5917.0
-6271.0
-6641.0
-7015.0
-7396.0
-7786.0
-8175.0
-8562.0
-8951.0
-9326.0
-9691.0
-10044.0
-10376.0
-10691.0
-10981.0
-11243.0
-11474.0
-11682.0
-11855.0
-12002.0
-12111.0
-12191.0
-12229.0
-12238.0
-12209.0
-12143.0
-12039.0
-11903.0
-11734.0
-11533.0
-11301.0
-11046.0
-10763.0
-10459.0
-10135.0
-9790.0
-9430.0
-9057.0
-8675.0
-8288.0
-7903.0
-7525.0
-7156.0
-6804.0
-6482.0
-6186.0
-5923.0
-5699.0
-5509.0
-5357.0
-5245.0
-5170.0
-5134.0
-5134.0
-5177.0
-5255.0
-5366.0
-5507.0
-5684.0
-5889.0
-6123.0
-6380.0
-6671.0
-6982.0
-7316.0
-7672.0
-8044.0
-8426.0
-8824.0
-9230.0
-9642.0
-10063.0
-10481.0
-10907.0
-11331.0
-11752.0
-12169.0
-12579.0
-12983.0
-13376.0
-13751.0
-14116.0
-14461.0
-14790.0
-15095.0
-15385.0
-15653.0
-15900.0
-16126.0
-16323.0
-16496.0
-16643.0
-16760.0
-16843.0
-16891.0
-16912.0
-16896.0
-16846.0
-16764.0
-16655.0
-16511.0
-16341.0
-16142.0
-15919.0
-15667.0
-15391.0
-15096.0
-14775.0
-14435.0
-14075.0
-13703.0
-13323.0
-12934.0
-12541.0
-12144.0
-11746.0
-11351.0
-10959.0
-10578.0
-10210.0
-9856.0
-9522.0
-9218.0
-8942.0
-8701.0
-8495.0
-8326.0
-8188.0
-8086.0
-8018.0
-7985.0
-7984.0
-8017.0
-8075.0
-8163.0
-8274.0
-8408.0
-8562.0
-8734.0
-8926.0
-9129.0
-9353.0
-9586.0
-9830.0
-10087.0
-10353.0
-10622.0
-10894.0
-11165.0
-11439.0
-11709.0
-11973.0
-12235.0
-12492.0
-12741.0
-12981.0
-13215.0
-13439.0
-13651.0
-13855.0
-14042.0
-14218.0
-14383.0
-14537.0
-14674.0
-14805.0
-14923.0
-15031.0
-15130.0
-15218.0
-15297.0
-15375.0
-15437.0
-15495.0
-15548.0
-15593.0
-15635.0
-15668.0
-15703.0
-15731.0
-15755.0
-15778.0
-15801.0
-15820.0
-15842.0
-15864.0
-15885.0
-15905.0
-15924.0
-15945.0
-15964.0
-15983.0
-16000.0
-16016.0
-16035.0
-16052.0
-16069.0
-16092.0
-16111.0
-16137.0
-16160.0
-16189.0
-16220.0
-16248.0
-16285.0
-16323.0
-16361.0
-16404.0
-16452.0
-16506.0
-16561.0
-16619.0
-16685.0
-16756.0
-16834.0
-16914.0
-17000.0
-17088.0
-17180.0
-17281.0
-17382.0
-17490.0
-17597.0
-17708.0
-17820.0
-17935.0
-18051.0
-18171.0
-18289.0
-18410.0
-18533.0
-18649.0
-18764.0
-18878.0
-18984.0
-19085.0
-19184.0
-19275.0
-19358.0
-19434.0
-19504.0
-19567.0
-19619.0
-19661.0
-19698.0
-19723.0
-19741.0
-19751.0
-19746.0
-19736.0
-19712.0
-19678.0
-19637.0
-19588.0
-19527.0
-19462.0
-19390.0
-19314.0
-19233.0
-19148.0
-19061.0
-18974.0
-18884.0
-18793.0
-18702.0
-18608.0
-18522.0
-18434.0
-18347.0
-18269.0
-18192.0
-18121.0
-18056.0
-17997.0
-17947.0
-17898.0
-17860.0
-17831.0
-17806.0
-17791.0
-17788.0
-17793.0
-17807.0
-17829.0
-17865.0
-17909.0
-17965.0
-18029.0
-18105.0
-18188.0
-18277.0
-18373.0
-18476.0
-18589.0
-18704.0
-18825.0
-18948.0
-19075.0
-19207.0
-19340.0
-19476.0
-19610.0
-19747.0
-19879.0
-20010.0
-20139.0
-20263.0
-20380.0
-20497.0
-20605.0
-20705.0
-20800.0
-20888.0
-20971.0
-21045.0
-21107.0
-21162.0
-21209.0
-21242.0
-21266.0
-21276.0
-21279.0
-21274.0
-21258.0
-21232.0
-21203.0
-21169.0
-21139.0
-21114.0
-21095.0
-21080.0
-21071.0
-21067.0
-21070.0
-21079.0
-21095.0
-21120.0
-21150.0
-21185.0
-21227.0
-21273.0
-21326.0
-21382.0
-21445.0
-21513.0
-21586.0
-21665.0
-21749.0
-21838.0
-21931.0
-22023.0
-22106.0
-22183.0
-22253.0
-22316.0
-22372.0
-22424.0
-22468.0
-22506.0
-22536.0
-22559.0
-22575.0
-22586.0
-22586.0
-22578.0
-22561.0
-22541.0
-22512.0
-22476.0
-22441.0
-22398.0
-22347.0
-22295.0
-22238.0
-22173.0
-22104.0
-22034.0
-21958.0
-21876.0
-21789.0
-21701.0
-21610.0
-21513.0
-21414.0
-21313.0
-21210.0
-21112.0
-21022.0
-20938.0
-20860.0
-20786.0
-20718.0
-20655.0
-20598.0
-20547.0
-20501.0
-20462.0
-20429.0
-20402.0
-20380.0
-20363.0
-20353.0
-20346.0
-20345.0
-20346.0
-20345.0
-20345.0
-20345.0
-20346.0
-20345.0
-20345.0
-20346.0
-20346.0
-20347.0
-20347.0
-20347.0
-20346.0
-20346.0
-20346.0
-20346.0
-20345.0
-20345.0
-20345.0
-20345.0
-20345.0
-20345.0
-20344.0
-20344.0
-20344.0
-20344.0
-20343.0
-20343.0
-20342.0
-20341.0
-20340.0
-20339.0
-20337.0
-20337.0
-20336.0
-20336.0
-20336.0
-20336.0
-20336.0
-20335.0
-20334.0
-20332.0
-20331.0
-20328.0
-20325.0
-20321.0
-20317.0
-20313.0
-20308.0
-20304.0
-20300.0
-20297.0
-20294.0
-20292.0
-20289.0
-20286.0
-20283.0
-20278.0
-20273.0
-20265.0
-20255.0
-20245.0
-20234.0
-20223.0
-20211.0
-20200.0
-20190.0
-20180.0
-20168.0
-20155.0
-20142.0
-20127.0
-20110.0
-20095.0
-20079.0
-20059.0
-20038.0
-20014.0
-19994.0
-19973.0
-19950.0
-19927.0
-19905.0
-19887.0
-19868.0
-19846.0
-19824.0
-19804.0
-19786.0
-19767.0
-19747.0
-19730.0
-19713.0
-19699.0
-19688.0
-19677.0
-19665.0
-19653.0
-19640.0
-19627.0
-19613.0
-19600.0
-19587.0
-19573.0
-19556.0
-19540.0
-19523.0
-19507.0
-19494.0
-19481.0
-19467.0
-19452.0
-19438.0
-19423.0
-19408.0
-19394.0
-19379.0
-19361.0
-19342.0
-19323.0
-19305.0
-19289.0
-19272.0
-19253.0
-19234.0
-19214.0
-19196.0
-19178.0
-19157.0
-19136.0
-19114.0
-19093.0
-19074.0
-19050.0
-19026.0
-19003.0
-18982.0
-18959.0
-18937.0
-18914.0
-18894.0
-18876.0
-18854.0
-18831.0
-18807.0
-18786.0
-18762.0
-18737.0
-18712.0
-18691.0
-18671.0
-18649.0
-18627.0
-18606.0
-18588.0
-18569.0
-18547.0
-18525.0
-18503.0
-18483.0
-18460.0
-18436.0
-18411.0
-18390.0
-18368.0
-18344.0
-18321.0
-18299.0
-18280.0
-18259.0
-18237.0
-18215.0
-18195.0
-18175.0
-18152.0
-18130.0
-18108.0
-18089.0
-18071.0
-18050.0
-18030.0
-18011.0
-17995.0
-17980.0
-17963.0
-17946.0
-17927.0
-17909.0
-17892.0
-17874.0
-17853.0
-17832.0
-17811.0
-17792.0
-17773.0
-17753.0
-17733.0
-17714.0
-17696.0
-17679.0
-17660.0
-17639.0
-17619.0
-17599.0
-17580.0
-17558.0
-17537.0
-17516.0
-17497.0
-17481.0
-17462.0
-17443.0
-17424.0
-17404.0
-17385.0
-17363.0
-17339.0
-17314.0
-17291.0
-17267.0
-17241.0
-17215.0
-17193.0
-17171.0
-17147.0
-17125.0
-17103.0
-17085.0
-17063.0
-17039.0
-17013.0
-16990.0
-16965.0
-16939.0
-16913.0
-16892.0
-16870.0
-16846.0
-16821.0
-16798.0
-16778.0
-16754.0
-16731.0
-16706.0
-16684.0
-16660.0
-16634.0
-16608.0
-16585.0
-16560.0
-16534.0
-16509.0
-16489.0
-16469.0
-16448.0
-16427.0
-16406.0
-16388.0
-16369.0
-16347.0
-16326.0
-16306.0
-16289.0
-16272.0
-16252.0
-16233.0
-16215.0
-16200.0
-16186.0
-16170.0
-16153.0
-16135.0
-16117.0
-16098.0
-16081.0
-16062.0
-16041.0
-16020.0
-16000.0
-15982.0
-15963.0
-15943.0
-15924.0
-15905.0
-15890.0
-15874.0
-15856.0
-15837.0
-15817.0
-15799.0
-15782.0
-15763.0
-15744.0
-15726.0
-15710.0
-15696.0
-15685.0
-15672.0
-15658.0
-15642.0
-15626.0
-15610.0
-15595.0
-15580.0
-15563.0
-15544.0
-15526.0
-15509.0
-15494.0
-15480.0
-15465.0
-15448.0
-15431.0
-15413.0
-15397.0
-15381.0
-15362.0
-15343.0
-15323.0
-15304.0
-15287.0
-15270.0
-15250.0
-15230.0
-15209.0
-15191.0
-15171.0
-15149.0
-15127.0
-15104.0
-15084.0
-15060.0
-15035.0
-15009.0
-14987.0
-14963.0
-14940.0
-14917.0
-14897.0
-14880.0
-14860.0
-14840.0
-14820.0
-14800.0
-14784.0
-14764.0
-14745.0
-14726.0
-14707.0
-14691.0
-14675.0
-14657.0
-14640.0
-14624.0
-14609.0
-14595.0
-14582.0
-14566.0
-14549.0
-14532.0
-14514.0
-14497.0
-14482.0
-14465.0
-14448.0
-14431.0
-14416.0
-14402.0
-14390.0
-14378.0
-14365.0
-14351.0
-14337.0
-14324.0
-14311.0
-14300.0
-14290.0
-14280.0
-14271.0
-14260.0
-14249.0
-14238.0
-14226.0
-14214.0
-14202.0
-14191.0
-14178.0
-14162.0
-14143.0
-14122.0
-14101.0
-14083.0
-14062.0
-14039.0
-14015.0
-13993.0
-13972.0
-13948.0
-13924.0
-13901.0
-13881.0
-13856.0
-13830.0
-13804.0
-13781.0
-13756.0
-13731.0
-13706.0
-13685.0
-13663.0
-13639.0
-13616.0
-13595.0
-13573.0
-13549.0
-13523.0
-13498.0
-13476.0
-13449.0
-13422.0
-13396.0
-13373.0
-13348.0
-13323.0
-13301.0
-13281.0
-13260.0
-13239.0
-13217.0
-13198.0
-13180.0
-13161.0
-13142.0
-13123.0
-13106.0
-13093.0
-13080.0
-13067.0
-13053.0
-13041.0
-13027.0
-13014.0
-13002.0
-12991.0
-12979.0
-12965.0
-12950.0
-12935.0
-12921.0
-12907.0
-12896.0
-12887.0
-12878.0
-12868.0
-12859.0
-12849.0
-12839.0
-12829.0
-12817.0
-12806.0
-12795.0
-12785.0
-12775.0
-12763.0
-12752.0
-12742.0
-12732.0
-12722.0
-12712.0
-12703.0
-12695.0
-12687.0
-12677.0
-12665.0
-12651.0
-12636.0
-12621.0
-12607.0
-12594.0
-12583.0
-12570.0
-12557.0
-12543.0
-12529.0
-12516.0
-12503.0
-12491.0
-12479.0
-12465.0
-12449.0
-12433.0
-12416.0
-12401.0
-12387.0
-12372.0
-12356.0
-12339.0
-12321.0
-12302.0
-12285.0
-12265.0
-12242.0
-12218.0
-12196.0
-12174.0
-12150.0
-12127.0
-12105.0
-12087.0
-12069.0
-12049.0
-12031.0
-12013.0
-11997.0
-11983.0
-11967.0
-11952.0
-11937.0
-11923.0
-11909.0
-11897.0
-11886.0
-11875.0
-11862.0
-11850.0
-11838.0
-11826.0
-11815.0
-11803.0
-11793.0
-11782.0
-11771.0
-11758.0
-11743.0
-11729.0
-11716.0
-11704.0
-11695.0
-11686.0
-11676.0
-11665.0
-11652.0
-11638.0
-11624.0
-11610.0
-11597.0
-11584.0
-11571.0
-11556.0
-11541.0
-11527.0
-11513.0
-11500.0
-11489.0
-11476.0
-11461.0
-11445.0
-11428.0
-11410.0
-11394.0
-11379.0
-11360.0
-11342.0
-11324.0
-11307.0
-11293.0
-11280.0
-11267.0
-11252.0
-11238.0
-11224.0
-11210.0
-11198.0
-11185.0
-11172.0
-11157.0
-11143.0
-11130.0
-11117.0
-11106.0
-11097.0
-11088.0
-11079.0
-11068.0
-11056.0
-11043.0
-11029.0
-11014.0
-11000.0
-10986.0
-10972.0
-10957.0
-10943.0
-10929.0
-10916.0
-10904.0
-10892.0
-10881.0
-10867.0
-10852.0
-10836.0
-10819.0
-10804.0
-10790.0
-10775.0
-10760.0
-10744.0
-10729.0
-10715.0
-10701.0
-10690.0
-10678.0
-10666.0
-10651.0
-10636.0
-10620.0
-10604.0
-10589.0
-10574.0
-10557.0
-10540.0
-10523.0
-10507.0
-10494.0
-10483.0
-10471.0
-10457.0
-10445.0
-10432.0
-10419.0
-10406.0
-10395.0
-10383.0
-10372.0
-10360.0
-10349.0
-10340.0
-10331.0
-10323.0
-10313.0
-10304.0
-10296.0
-10288.0
-10279.0
-10269.0
-10259.0
-10249.0
-10240.0
-10230.0
-10222.0
-10214.0
-10207.0
-10201.0
-10195.0
-10188.0
-10182.0
-10174.0
-10165.0
-10155.0
-10143.0
-10132.0
-10121.0
-10110.0
-10101.0
-10093.0
-10085.0
-10076.0
-10065.0
-10053.0
-10041.0
-10027.0
-10012.0
-9998.0
-9983.0
-9967.0
-9949.0
-9931.0
-9913.0
-9897.0
-9883.0
-9868.0
-9850.0
-9834.0
-9818.0
-9803.0
-9789.0
-9775.0
-9760.0
-9742.0
-9726.0
-9710.0
-9697.0
-9687.0
-9675.0
-9663.0
-9650.0
-9637.0
-9623.0
-9610.0
-9596.0
-9582.0
-9565.0
-9547.0
-9529.0
-9511.0
-9495.0
-9480.0
-9464.0
-9447.0
-9431.0
-9417.0
-9403.0
-9392.0
-9380.0
-9366.0
-9352.0
-9337.0
-9323.0
-9309.0
-9298.0
-9288.0
-9278.0
-9267.0
-9255.0
-9242.0
-9230.0
-9216.0
-9203.0
-9191.0
-9177.0
-9161.0
-9145.0
-9129.0
-9114.0
-9100.0
-9089.0
-9079.0
-9068.0
-9057.0
-9047.0
-9036.0
-9025.0
-9013.0
-9002.0
-8992.0
-8982.0
-8970.0
-8959.0
-8948.0
-8937.0
-8926.0
-8916.0
-8907.0
-8899.0
-8891.0
-8883.0
-8874.0
-8862.0
-8849.0
-8835.0
-8821.0
-8808.0
-8797.0
-8787.0
-8776.0
-8766.0
-8756.0
-8747.0
-8737.0
-8728.0
-8718.0
-8710.0
-8703.0
-8696.0
-8690.0
-8684.0
-8678.0
-8671.0
-8664.0
-8657.0
-8650.0
-8643.0
-8635.0
-8625.0
-8614.0
-8604.0
-8593.0
-8582.0
-8569.0
-8555.0
-8542.0
-8529.0
-8518.0
-8508.0
-8499.0
-8492.0
-8484.0
-8475.0
-8466.0
-8456.0
-8446.0
-8436.0
-8425.0
-8415.0
-8405.0
-8397.0
-8389.0
-8382.0
-8376.0
-8369.0
-8362.0
-8355.0
-8346.0
-8338.0
-8329.0
-8320.0
-8310.0
-8301.0
-8292.0
-8285.0
-8277.0
-8268.0
-8260.0
-8251.0
-8244.0
-8236.0
-8227.0
-8218.0
-8208.0
-8199.0
-8190.0
-8180.0
-8170.0
-8160.0
-8150.0
-8141.0
-8132.0
-8123.0
-8114.0
-8105.0
-8096.0
-8088.0
-8079.0
-8069.0
-8057.0
-8045.0
-8033.0
-8021.0
-8010.0
-8000.0
-7991.0
-7983.0
-7974.0
-7966.0
-7957.0
-7947.0
-7937.0
-7927.0
-7916.0
-7906.0
-7897.0
-7890.0
-7883.0
-7875.0
-7868.0
-7860.0
-7852.0
-7846.0
-7839.0
-7832.0
-7823.0
-7814.0
-7804.0
-7794.0
-7784.0
-7772.0
-7761.0
-7750.0
-7738.0
-7727.0
-7716.0
-7706.0
-7698.0
-7690.0
-7682.0
-7672.0
-7662.0
-7651.0
-7641.0
-7630.0
-7620.0
-7610.0
-7602.0
-7594.0
-7587.0
-7580.0
-7571.0
-7562.0
-7551.0
-7538.0
-7525.0
-7512.0
-7500.0
-7489.0
-7477.0
-7463.0
-7451.0
-7439.0
-7428.0
-7417.0
-7406.0
-7397.0
-7388.0
-7379.0
-7368.0
-7357.0
-7346.0
-7335.0
-7323.0
-7311.0
-7301.0
-7292.0
-7283.0
-7274.0
-7263.0
-7251.0
-7239.0
-7225.0
-7212.0
-7198.0
-7185.0
-7170.0
-7155.0
-7141.0
-7127.0
-7113.0
-7102.0
-7092.0
-7084.0
-7074.0
-7063.0
-7052.0
-7041.0
-7030.0
-7019.0
-7009.0
-7000.0
-6992.0
-6984.0
-6977.0
-6970.0
-6963.0
-6957.0
-6958.0
-6962.0
-6971.0
-6987.0
-7008.0
-7036.0
-7069.0
-7108.0
-7151.0
-7198.0
-7251.0
-7309.0
-7373.0
-7442.0
-7515.0
-7592.0
-7673.0
-7757.0
-7841.0
-7927.0
-8017.0
-8113.0
-8204.0
-8300.0
-8397.0
-8491.0
-8591.0
-8687.0
-8781.0
-8877.0
-8968.0
-9056.0
-9140.0
-9222.0
-9296.0
-9365.0
-9431.0
-9488.0
-9544.0
-9591.0
-9634.0
-9672.0
-9702.0
-9729.0
-9751.0
-9763.0
-9774.0
-9778.0
-9779.0
-9778.0
-9771.0
-9762.0
-9754.0
-9745.0
-9737.0
-9729.0
-9720.0
-9713.0
-9710.0
-9704.0
-9702.0
-9707.0
-9708.0
-9720.0
-9731.0
-9749.0
-9770.0
-9799.0
-9837.0
-9875.0
-9926.0
-9979.0
-10041.0
-10107.0
-10177.0
-10257.0
-10334.0
-10422.0
-10511.0
-10606.0
-10705.0
-10808.0
-10916.0
-11025.0
-11138.0
-11252.0
-11363.0
-11476.0
-11588.0
-11696.0
-11804.0
-11910.0
-12017.0
-12121.0
-12221.0
-12316.0
-12411.0
-12500.0
-12589.0
-12670.0
-12750.0
-12828.0
-12901.0
-12970.0
-13033.0
-13093.0
-13148.0
-13203.0
-13252.0
-13301.0
-13345.0
-13386.0
-13428.0
-13467.0
-13501.0
-13534.0
-13562.0
-13588.0
-13613.0
-13636.0
-13654.0
-13673.0
-13684.0
-13697.0
-13707.0
-13714.0
-13716.0
-13715.0
-13709.0
-13700.0
-13684.0
-13670.0
-13649.0
-13630.0
-13602.0
-13575.0
-13547.0
-13520.0
-13490.0
-13457.0
-13423.0
-13388.0
-13354.0
-13320.0
-13292.0
-13260.0
-13224.0
-13193.0
-13156.0
-13124.0
-13086.0
-13049.0
-13015.0
-12979.0
-12943.0
-12906.0
-12867.0
-12828.0
-12786.0
-12739.0
-12691.0
-12643.0
-12594.0
-12542.0
-12492.0
-12438.0
-12382.0
-12328.0
-12274.0
-12219.0
-12163.0
-12106.0
-12049.0
-11992.0
-11936.0
-11882.0
-11829.0
-11784.0
-11741.0
-11700.0
-11662.0
-11635.0
-11611.0
-11592.0
-11580.0
-11578.0
-11583.0
-11593.0
-11609.0
-11632.0
-11664.0
-11703.0
-11750.0
-11803.0
-11863.0
-11930.0
-12005.0
-12088.0
-12176.0
-12270.0
-12369.0
-12473.0
-12580.0
-12692.0
-12808.0
-12929.0
-13055.0
-13186.0
-13323.0
-13467.0
-13616.0
-13771.0
-13934.0
-14102.0
-14276.0
-14453.0
-14635.0
-14820.0
-15009.0
-15201.0
-15396.0
-15593.0
-15793.0
-15989.0
-16184.0
-16383.0
-16574.0
-16765.0
-16949.0
-17131.0
-17305.0
-17475.0
-17636.0
-17796.0
-17952.0
-18095.0
-18240.0
-18375.0
-18505.0
-18629.0
-18747.0
-18858.0
-18962.0
-19057.0
-19144.0
-19224.0
-19294.0
-19356.0
-19407.0
-19450.0
-19489.0
-19514.0
-19535.0
-19546.0
-19549.0
-19544.0
-19535.0
-19516.0
-19493.0
-19464.0
-19424.0
-19376.0
-19325.0
-19268.0
-19211.0
-19151.0
-19090.0
-19026.0
-18962.0
-18902.0
-18838.0
-18781.0
-18719.0
-18666.0
-18611.0
-18560.0
-18509.0
-18456.0
-18405.0
-18354.0
-18301.0
-18247.0
-18192.0
-18136.0
-18079.0
-18022.0
-17965.0
-17904.0
-17842.0
-17779.0
-17718.0
-17659.0
-17602.0
-17544.0
-17495.0
-17448.0
-17402.0
-17368.0
-17338.0
-17310.0
-17293.0
-17281.0
-17275.0
-17281.0
-17288.0
-17308.0
-17337.0
-17377.0
-17426.0
-17489.0
-17563.0
-17649.0
-17749.0
-17862.0
-17986.0
-18123.0
-18269.0
-18422.0
-18583.0
-18748.0
-18916.0
-19086.0
-19259.0
-19436.0
-19616.0
-19796.0
-19979.0
-20164.0
-20346.0
-20524.0
-20696.0
-20867.0
-21026.0
-21183.0
-21336.0
-21483.0
-21623.0
-21755.0
-21882.0
-22005.0
-22115.0
-22219.0
-22307.0
-22378.0
-22430.0
-22469.0
-22486.0
-22489.0
-22478.0
-22453.0
-22422.0
-22378.0
-22333.0
-22279.0
-22220.0
-22155.0
-22087.0
-22018.0
-21941.0
-21861.0
-21777.0
-21694.0
-21602.0
-21512.0
-21424.0
-21333.0
-21245.0
-21157.0
-21072.0
-20983.0
-20898.0
-20813.0
-20727.0
-20638.0
-20546.0
-20458.0
-20366.0
-20279.0
-20196.0
-20118.0
-20051.0
-19992.0
-19946.0
-19917.0
-19899.0
-19898.0
-19917.0
-19954.0
-20013.0
-20089.0
-20190.0
-20310.0
-20453.0
-20621.0
-20809.0
-21022.0
-21253.0
-21510.0
-21783.0
-22070.0
-22368.0
-22675.0
-22987.0
-23302.0
-23616.0
-23930.0
-24240.0
-24542.0
-24839.0
-25131.0
-25406.0
-25669.0
-25915.0
-26139.0
-26336.0
-26508.0
-26646.0
-26762.0
-26844.0
-26897.0
-26923.0
-26915.0
-26883.0
-26816.0
-26722.0
-26594.0
-26442.0
-26257.0
-26047.0
-25809.0
-25545.0
-25263.0
-24966.0
-24658.0
-24342.0
-24018.0
-23694.0
-23366.0
-23045.0
-22727.0
-22415.0
-22113.0
-21824.0
-21556.0
-21307.0
-21083.0
-20878.0
-20704.0
-20558.0
-20443.0
-20363.0
-20316.0
-20309.0
-20337.0
-20408.0
-20519.0
-20671.0
-20858.0
-21086.0
-21346.0
-21643.0
-21971.0
-22328.0
-22711.0
-23110.0
-23530.0
-23962.0
-24401.0
-24844.0
-25281.0
-25715.0
-26129.0
-26523.0
-26892.0
-27228.0
-27534.0
-27805.0
-28042.0
-28245.0
-28418.0
-28556.0
-28658.0
-28726.0
-28746.0
-28723.0
-28658.0
-28555.0
-28418.0
-28252.0
-28062.0
-27854.0
-27626.0
-27390.0
-27146.0
-26891.0
-26637.0
-26384.0
-26131.0
-25887.0
-25658.0
-25438.0
-25235.0
-25045.0
-24875.0
-24721.0
-24586.0
-24470.0
-24376.0
-24313.0
-24273.0
-24261.0
-24279.0
-24321.0
-24388.0
-24476.0
-24585.0
-24715.0
-24862.0
-25024.0
-25194.0
-25365.0
-25544.0
-25726.0
-25912.0
-26094.0
-26272.0
-26445.0
-26609.0
-26763.0
-26913.0
-27048.0
-27171.0
-27278.0
-27370.0
-27440.0
-27498.0
-27537.0
-27559.0
-27561.0
-27550.0
-27524.0
-27483.0
-27425.0
-27359.0
-27278.0
-27191.0
-27101.0
-27006.0
-26915.0
-26832.0
-26757.0
-26696.0
-26647.0
-26611.0
-26597.0
-26596.0
-26620.0
-26662.0
-26725.0
-26804.0
-26904.0
-27021.0
-27155.0
-27306.0
-27474.0
-27654.0
-27841.0
-28030.0
-28221.0
-28409.0
-28592.0
-28763.0
-28924.0
-29068.0
-29192.0
-29297.0
-29372.0
-29420.0
-29435.0
-29420.0
-29373.0
-29300.0
-29202.0
-29086.0
-28953.0
-28803.0
-28644.0
-28474.0
-28293.0
-28101.0
-27907.0
-27719.0
-27534.0
-27360.0
-27202.0
-27064.0
-26948.0
-26854.0
-26786.0
-26744.0
-26731.0
-26752.0
-26795.0
-26870.0
-26969.0
-27092.0
-27235.0
-27403.0
-27584.0
-27786.0
-27996.0
-28213.0
-28439.0
-28662.0
-28877.0
-29092.0
-29296.0
-29488.0
-29668.0
-29831.0
-29965.0
-30078.0
-30160.0
-30221.0
-30258.0
-30278.0
-30281.0
-30271.0
-30255.0
-30224.0
-30180.0
-30126.0
-30062.0
-29990.0
-29920.0
-29845.0
-29776.0
-29703.0
-29642.0
-29581.0
-29530.0
-29483.0
-29448.0
-29423.0
-29412.0
-29409.0
-29421.0
-29444.0
-29470.0
-29499.0
-29526.0
-29559.0
-29590.0
-29622.0
-29661.0
-29699.0
-29744.0
-29782.0
-29825.0
-29861.0
-29886.0
-29903.0
-29910.0
-29905.0
-29896.0
-29881.0
-29862.0
-29834.0
-29801.0
-29763.0
-29728.0
-29695.0
-29670.0
-29651.0
-29641.0
-29641.0
-29655.0
-29683.0
-29726.0
-29780.0
-29854.0
-29942.0
-30051.0
-30181.0
-30325.0
-30485.0
-30656.0
-30834.0
-31012.0
-31188.0
-31355.0
-31513.0
-31663.0
-31792.0
-31903.0
-31990.0
-32050.0
-32079.0
-32077.0
-32049.0
-31997.0
-31925.0
-31838.0
-31729.0
-31612.0
-31481.0
-31335.0
-31179.0
-31025.0
-30879.0
-30742.0
-30622.0
-30523.0
-30446.0
-30386.0
-30352.0
-30340.0
-30351.0
-30387.0
-30443.0
-30520.0
-30608.0
-30717.0
-30829.0
-30955.0
-31085.0
-31220.0
-31363.0
-31501.0
-31641.0
-31768.0
-31884.0
-31981.0
-32058.0
-32113.0
-32156.0
-32186.0
-32206.0
-32221.0
-32236.0
-32239.0
-32239.0
-32231.0
-32227.0
-32217.0
-32210.0
-32202.0
-32195.0
-32192.0
-32188.0
-32190.0
-32195.0
-32208.0
-32230.0
-32262.0
-32299.0
-32340.0
-32377.0
-32410.0
-32433.0
-32453.0
-32478.0
-32500.0
-32526.0
-32544.0
-32562.0
-32572.0
-32572.0
-32562.0
-32544.0
-32520.0
-32488.0
-32450.0
-32404.0
-32359.0
-32312.0
-32271.0
-32237.0
-32214.0
-32201.0
-32204.0
-32224.0
-32254.0
-32300.0
-32364.0
-32442.0
-32539.0
-32655.0
-32786.0
-32924.0
-33069.0
-33216.0
-33359.0
-33495.0
-33622.0
-33736.0
-33827.0
-33895.0
-33930.0
-33942.0
-33930.0
-33896.0
-33847.0
-33786.0
-33706.0
-33610.0
-33497.0
-33379.0
-33264.0
-33150.0
-33053.0
-32975.0
-32914.0
-32874.0
-32860.0
-32871.0
-32900.0
-32947.0
-33012.0
-33090.0
-33179.0
-33277.0
-33383.0
-33491.0
-33600.0
-33708.0
-33812.0
-33912.0
-33994.0
-34058.0
-34102.0
-34127.0
-34143.0
-34155.0
-34157.0
-34160.0
-34162.0
-34159.0
-34156.0
-34155.0
-34160.0
-34167.0
-34178.0
-34188.0
-34202.0
-34224.0
-34257.0
-34298.0
-34348.0
-34404.0
-34459.0
-34509.0
-34552.0
-34588.0
-34626.0
-34657.0
-34693.0
-34719.0
-34741.0
-34752.0
-34749.0
-34735.0
-34713.0
-34680.0
-34645.0
-34603.0
-34556.0
-34510.0
-34468.0
-34435.0
-34415.0
-34407.0
-34411.0
-34435.0
-34465.0
-34515.0
-34579.0
-34665.0
-34766.0
-34885.0
-35012.0
-35145.0
-35276.0
-35404.0
-35519.0
-35619.0
-35701.0
-35756.0
-35780.0
-35780.0
-35761.0
-35724.0
-35675.0
-35616.0
-35539.0
-35452.0
-35357.0
-35264.0
-35184.0
-35123.0
-35077.0
-35054.0
-35047.0
-35064.0
-35096.0
-35146.0
-35210.0
-35282.0
-35364.0
-35453.0
-35546.0
-35643.0
-35735.0
-35825.0
-35900.0
-35964.0
-36004.0
-36028.0
-36040.0
-36045.0
-36041.0
-36034.0
-36029.0
-36021.0
-36016.0
-36017.0
-36015.0
-36022.0
-36032.0
-36040.0
-36056.0
-36082.0
-36112.0
-36153.0
-36200.0
-36238.0
-36273.0
-36307.0
-36335.0
-36364.0
-36391.0
-36416.0
-36428.0
-36433.0
-36422.0
-36406.0
-36381.0
-36349.0
-36313.0
-36270.0
-36225.0
-36188.0
-36157.0
-36144.0
-36147.0
-36164.0
-36193.0
-36237.0
-36298.0
-36381.0
-36478.0
-36587.0
-36698.0
-36818.0
-36935.0
-37047.0
-37151.0
-37234.0
-37292.0
-37327.0
-37341.0
-37331.0
-37306.0
-37260.0
-37196.0
-37113.0
-37024.0
-36927.0
-36835.0
-36764.0
-36707.0
-36671.0
-36654.0
-36655.0
-36677.0
-36716.0
-36766.0
-36822.0
-36885.0
-36946.0
-37012.0
-37074.0
-37138.0
-37192.0
-37231.0
-37253.0
-37262.0
-37273.0
-37272.0
-37266.0
-37247.0
-37214.0
-37171.0
-37124.0
-37066.0
-37006.0
-36937.0
-36864.0
-36787.0
-36706.0
-36630.0
-36551.0
-36468.0
-36370.0
-36262.0
-36149.0
-36024.0
-35892.0
-35749.0
-35594.0
-35427.0
-35250.0
-35062.0
-34865.0
-34656.0
-34440.0
-34231.0
-34026.0
-33830.0
-33641.0
-33471.0
-33313.0
-33173.0
-33051.0
-32946.0
-32866.0
-32802.0
-32759.0
-32728.0
-32706.0
-32695.0
-32678.0
-32656.0
-32617.0
-32566.0
-32494.0
-32406.0
-32302.0
-32188.0
-32059.0
-31916.0
-31758.0
-31601.0
-31445.0
-31296.0
-31160.0
-31037.0
-30933.0
-30846.0
-30777.0
-30725.0
-30686.0
-30657.0
-30629.0
-30611.0
-30598.0
-30585.0
-30574.0
-30557.0
-30533.0
-30492.0
-30432.0
-30356.0
-30273.0
-30175.0
-30075.0
-29963.0
-29853.0
-29737.0
-29618.0
-29509.0
-29398.0
-29293.0
-29196.0
-29103.0
-29018.0
-28940.0
-28875.0
-28815.0
-28756.0
-28695.0
-28631.0
-28555.0
-28475.0
-28393.0
-28312.0
-28225.0
-28127.0
-28019.0
-27901.0
-27775.0
-27634.0
-27488.0
-27330.0
-27170.0
-27009.0
-26852.0
-26711.0
-26583.0
-26473.0
-26373.0
-26291.0
-26228.0
-26182.0
-26152.0
-26146.0
-26156.0
-26176.0
-26203.0
-26238.0
-26276.0
-26303.0
-26324.0
-26327.0
-26309.0
-26265.0
-26195.0
-26105.0
-25992.0
-25867.0
-25721.0
-25559.0
-25377.0
-25187.0
-24993.0
-24804.0
-24624.0
-24463.0
-24319.0
-24194.0
-24089.0
-24003.0
-23941.0
-23888.0
-23850.0
-23819.0
-23799.0
-23781.0
-23771.0
-23763.0
-23758.0
-23745.0
-23727.0
-23690.0
-23642.0
-23575.0
-23497.0
-23413.0
-23322.0
-23226.0
-23122.0
-23010.0
-22896.0
-22783.0
-22674.0
-22564.0
-22466.0
-22367.0
-22277.0
-22196.0
-22126.0
-22066.0
-22020.0
-21976.0
-21936.0
-21884.0
-21835.0
-21777.0
-21723.0
-21666.0
-21607.0
-21543.0
-21473.0
-21388.0
-21295.0
-21190.0
-21075.0
-20948.0
-20811.0
-20660.0
-20506.0
-20352.0
-20196.0
-20050.0
-19909.0
-19786.0
-19676.0
-19585.0
-19508.0
-19453.0
-19414.0
-19392.0
-19392.0
-19405.0
-19437.0
-19478.0
-19531.0
-19586.0
-19637.0
-19690.0
